6.800000e-01,4.900000e-01,1,5.000000e-01,6.200000e-01,5.500000e-01,2.800000e-01,-1
7.500000e-01,8.400000e-01,4.800000e-01,5.000000e-01,3.500000e-01,5.200000e-01,3.300000e-01,-1
5.200000e-01,4.400000e-01,4.800000e-01,5.000000e-01,3.700000e-01,3.600000e-01,4.200000e-01,-1
8.700000e-01,4.900000e-01,4.800000e-01,5.000000e-01,6.100000e-01,7.600000e-01,7.900000e-01,1
4.100000e-01,5.100000e-01,4.800000e-01,5.000000e-01,5.800000e-01,2.000000e-01,3.100000e-01,-1
2.000000e-01,4.600000e-01,4.800000e-01,5.000000e-01,5.700000e-01,7.800000e-01,8.100000e-01,-1
4.100000e-01,5.100000e-01,4.800000e-01,5.000000e-01,5.300000e-01,7.500000e-01,7.800000e-01,-1
3.500000e-01,3.400000e-01,4.800000e-01,5.000000e-01,4.600000e-01,3.000000e-01,2.700000e-01,-1
4.400000e-01,3.500000e-01,4.800000e-01,5.000000e-01,5.500000e-01,5.500000e-01,6.100000e-01,-1
7.600000e-01,7.100000e-01,4.800000e-01,5.000000e-01,5.000000e-01,7.100000e-01,7.500000e-01,1
7.600000e-01,4.100000e-01,4.800000e-01,5.000000e-01,5.000000e-01,5.900000e-01,6.200000e-01,1
3.000000e-01,3.700000e-01,4.800000e-01,5.000000e-01,4.300000e-01,1.800000e-01,3.000000e-01,-1
1.800000e-01,3.000000e-01,4.800000e-01,5.000000e-01,4.600000e-01,2.400000e-01,3.500000e-01,-1
8.100000e-01,5.200000e-01,4.800000e-01,5.000000e-01,5.700000e-01,7.800000e-01,8.000000e-01,1
2.500000e-01,4.000000e-01,4.800000e-01,5.000000e-01,4.600000e-01,4.400000e-01,5.200000e-01,-1
7.800000e-01,4.400000e-01,4.800000e-01,5.000000e-01,4.500000e-01,7.300000e-01,6.800000e-01,1
6.900000e-01,5.900000e-01,4.800000e-01,5.000000e-01,4.600000e-01,4.400000e-01,5.200000e-01,-1
6.400000e-01,6.600000e-01,4.800000e-01,5.000000e-01,4.100000e-01,3.900000e-01,2.000000e-01,-1
6.300000e-01,7.500000e-01,4.800000e-01,5.000000e-01,6.400000e-01,7.300000e-01,6.600000e-01,-1
6.900000e-01,6.600000e-01,4.800000e-01,5.000000e-01,4.100000e-01,5.000000e-01,2.500000e-01,-1
3.600000e-01,5.400000e-01,4.800000e-01,5.000000e-01,4.100000e-01,3.800000e-01,4.600000e-01,-1
3.700000e-01,5.000000e-01,4.800000e-01,5.000000e-01,4.200000e-01,3.600000e-01,4.500000e-01,-1
3.700000e-01,4.700000e-01,4.800000e-01,5.000000e-01,3.900000e-01,7.600000e-01,7.900000e-01,-1
4.400000e-01,5.600000e-01,4.800000e-01,5.000000e-01,5.000000e-01,4.600000e-01,5.400000e-01,-1
3.000000e-01,4.500000e-01,4.800000e-01,5.000000e-01,3.600000e-01,2.100000e-01,3.200000e-01,-1
5.200000e-01,5.700000e-01,4.800000e-01,5.000000e-01,4.200000e-01,4.700000e-01,5.400000e-01,-1
6.000000e-02,6.100000e-01,4.800000e-01,5.000000e-01,4.900000e-01,9.200000e-01,3.700000e-01,-1
4.000000e-01,5.000000e-01,4.800000e-01,5.000000e-01,6.500000e-01,8.200000e-01,8.400000e-01,-1
2.000000e-01,4.400000e-01,4.800000e-01,5.000000e-01,4.600000e-01,5.100000e-01,5.700000e-01,-1
5.100000e-01,4.000000e-01,4.800000e-01,5.000000e-01,5.700000e-01,6.200000e-01,6.700000e-01,-1
4.900000e-01,2.900000e-01,4.800000e-01,5.000000e-01,5.600000e-01,2.400000e-01,3.500000e-01,-1
2.900000e-01,4.700000e-01,4.800000e-01,5.000000e-01,4.100000e-01,2.300000e-01,3.400000e-01,-1
4.500000e-01,4.000000e-01,4.800000e-01,5.000000e-01,6.100000e-01,7.400000e-01,7.700000e-01,-1
7.400000e-01,7.000000e-01,4.800000e-01,5.000000e-01,6.600000e-01,6.500000e-01,6.900000e-01,-1
5.000000e-01,5.100000e-01,4.800000e-01,5.000000e-01,2.700000e-01,2.300000e-01,3.400000e-01,-1
7.500000e-01,3.700000e-01,4.800000e-01,5.000000e-01,6.400000e-01,7.000000e-01,7.400000e-01,1
5.900000e-01,2.900000e-01,4.800000e-01,5.000000e-01,6.400000e-01,7.500000e-01,7.700000e-01,1
4.400000e-01,3.400000e-01,4.800000e-01,5.000000e-01,3.000000e-01,3.300000e-01,4.300000e-01,-1
3.900000e-01,3.100000e-01,4.800000e-01,5.000000e-01,3.800000e-01,3.400000e-01,4.300000e-01,-1
5.100000e-01,3.700000e-01,4.800000e-01,5.000000e-01,3.500000e-01,3.600000e-01,4.500000e-01,-1
7.400000e-01,4.400000e-01,4.800000e-01,5.000000e-01,5.500000e-01,8.800000e-01,8.900000e-01,-1
5.000000e-01,6.600000e-01,4.800000e-01,5.000000e-01,3.100000e-01,9.200000e-01,9.200000e-01,-1
3.300000e-01,4.700000e-01,4.800000e-01,5.000000e-01,5.300000e-01,1.800000e-01,2.900000e-01,-1
7.700000e-01,5.700000e-01,4.800000e-01,5.000000e-01,8.800000e-01,5.300000e-01,2.000000e-01,-1
5.000000e-01,4.900000e-01,4.800000e-01,5.000000e-01,4.900000e-01,4.600000e-01,5.300000e-01,-1
6.400000e-01,5.700000e-01,4.800000e-01,5.000000e-01,7.000000e-01,3.300000e-01,2.600000e-01,-1
4.200000e-01,3.500000e-01,4.800000e-01,5.000000e-01,5.800000e-01,1.500000e-01,2.700000e-01,-1
2.700000e-01,3.500000e-01,4.800000e-01,5.000000e-01,5.100000e-01,7.700000e-01,7.900000e-01,-1
4.400000e-01,3.500000e-01,4.800000e-01,5.000000e-01,4.400000e-01,5.200000e-01,5.900000e-01,-1
5.600000e-01,4.000000e-01,4.800000e-01,5.000000e-01,4.900000e-01,3.700000e-01,4.600000e-01,-1
3.600000e-01,4.200000e-01,4.800000e-01,5.000000e-01,5.300000e-01,3.200000e-01,4.100000e-01,-1
6.100000e-01,3.600000e-01,4.800000e-01,5.000000e-01,4.900000e-01,3.500000e-01,4.400000e-01,-1
6.800000e-01,8.200000e-01,4.800000e-01,5.000000e-01,3.800000e-01,6.500000e-01,5.600000e-01,-1
3.600000e-01,4.100000e-01,4.800000e-01,5.000000e-01,4.800000e-01,4.700000e-01,5.400000e-01,-1
2.700000e-01,4.200000e-01,4.800000e-01,5.000000e-01,3.700000e-01,3.800000e-01,4.300000e-01,-1
3.100000e-01,4.400000e-01,4.800000e-01,5.000000e-01,5.000000e-01,7.900000e-01,8.200000e-01,-1
3.400000e-01,4.900000e-01,4.800000e-01,5.000000e-01,5.800000e-01,8.500000e-01,8.000000e-01,-1
4.700000e-01,4.600000e-01,4.800000e-01,5.000000e-01,6.200000e-01,7.400000e-01,7.700000e-01,1
6.300000e-01,6.900000e-01,4.800000e-01,5.000000e-01,6.500000e-01,4.100000e-01,2.800000e-01,-1
2.200000e-01,3.400000e-01,4.800000e-01,5.000000e-01,4.200000e-01,2.900000e-01,3.900000e-01,-1
6.300000e-01,8.000000e-01,4.800000e-01,5.000000e-01,4.600000e-01,3.100000e-01,2.900000e-01,-1
2.100000e-01,5.100000e-01,4.800000e-01,5.000000e-01,5.000000e-01,3.200000e-01,4.100000e-01,-1
7.500000e-01,5.500000e-01,1,1,4.000000e-01,4.700000e-01,3.000000e-01,-1
5.400000e-01,4.900000e-01,4.800000e-01,5.000000e-01,4.000000e-01,8.700000e-01,8.800000e-01,-1
2.300000e-01,3.400000e-01,4.800000e-01,5.000000e-01,4.300000e-01,2.600000e-01,3.700000e-01,-1
6.500000e-01,4.700000e-01,4.800000e-01,5.000000e-01,5.900000e-01,3.000000e-01,4.000000e-01,-1
6.000000e-01,7.600000e-01,1,5.000000e-01,7.700000e-01,5.900000e-01,5.200000e-01,-1
6.300000e-01,6.500000e-01,4.800000e-01,5.000000e-01,6.600000e-01,6.700000e-01,7.100000e-01,-1
5.300000e-01,4.200000e-01,4.800000e-01,5.000000e-01,1.600000e-01,2.900000e-01,3.900000e-01,-1
6.900000e-01,3.900000e-01,4.800000e-01,5.000000e-01,5.700000e-01,7.600000e-01,7.900000e-01,-1
3.000000e-01,5.100000e-01,4.800000e-01,5.000000e-01,4.200000e-01,6.100000e-01,3.400000e-01,-1
6.600000e-01,7.100000e-01,4.800000e-01,5.000000e-01,4.100000e-01,5.000000e-01,3.500000e-01,-1
3.800000e-01,4.400000e-01,4.800000e-01,5.000000e-01,4.300000e-01,2.000000e-01,3.100000e-01,-1
2.600000e-01,2.600000e-01,4.800000e-01,5.000000e-01,3.400000e-01,2.500000e-01,3.500000e-01,-1
6.600000e-01,4.800000e-01,4.800000e-01,5.000000e-01,5.400000e-01,7.000000e-01,7.400000e-01,1
4.800000e-01,4.200000e-01,4.800000e-01,5.000000e-01,4.500000e-01,2.500000e-01,3.500000e-01,-1
2.400000e-01,3.500000e-01,4.800000e-01,5.000000e-01,3.100000e-01,1.900000e-01,3.100000e-01,-1
6.500000e-01,5.700000e-01,4.800000e-01,5.000000e-01,4.700000e-01,4.700000e-01,5.100000e-01,-1
7.900000e-01,5.400000e-01,4.800000e-01,5.000000e-01,5.000000e-01,6.600000e-01,6.800000e-01,1
6.300000e-01,1,4.800000e-01,5.000000e-01,3.500000e-01,5.100000e-01,4.900000e-01,-1
4.200000e-01,2.400000e-01,4.800000e-01,5.000000e-01,5.700000e-01,2.700000e-01,3.700000e-01,-1
4.300000e-01,3.700000e-01,4.800000e-01,5.000000e-01,5.300000e-01,3.500000e-01,4.400000e-01,-1
8.300000e-01,4.800000e-01,4.800000e-01,5.000000e-01,6.500000e-01,7.600000e-01,7.900000e-01,1
7.200000e-01,8.600000e-01,4.800000e-01,5.000000e-01,1.700000e-01,5.500000e-01,2.100000e-01,-1
4.100000e-01,4.300000e-01,4.800000e-01,5.000000e-01,4.500000e-01,3.100000e-01,4.100000e-01,-1
2.300000e-01,4.000000e-01,4.800000e-01,5.000000e-01,3.900000e-01,2.800000e-01,3.800000e-01,-1
6.300000e-01,5.400000e-01,4.800000e-01,5.000000e-01,6.500000e-01,7.900000e-01,8.100000e-01,-1
2.900000e-01,2.800000e-01,4.800000e-01,5.000000e-01,4.400000e-01,2.300000e-01,3.400000e-01,-1
7.400000e-01,4.700000e-01,4.800000e-01,5.000000e-01,5.000000e-01,5.700000e-01,4.200000e-01,-1
7.100000e-01,7.100000e-01,4.800000e-01,5.000000e-01,4.000000e-01,5.400000e-01,3.900000e-01,-1
6.400000e-01,4.500000e-01,4.800000e-01,5.000000e-01,6.700000e-01,6.100000e-01,6.600000e-01,1
2.500000e-01,4.800000e-01,4.800000e-01,5.000000e-01,4.400000e-01,1.700000e-01,2.900000e-01,-1
6.300000e-01,4.900000e-01,4.800000e-01,5.000000e-01,7.900000e-01,4.500000e-01,2.800000e-01,-1
6.300000e-01,7.100000e-01,4.800000e-01,5.000000e-01,6.000000e-01,4.000000e-01,3.900000e-01,-1
2.400000e-01,4.100000e-01,4.800000e-01,5.000000e-01,4.900000e-01,2.300000e-01,3.400000e-01,-1
4.400000e-01,4.900000e-01,4.800000e-01,5.000000e-01,3.900000e-01,3.800000e-01,4.000000e-01,-1
4.900000e-01,6.100000e-01,1,5.000000e-01,5.600000e-01,7.100000e-01,7.400000e-01,1
7.400000e-01,7.800000e-01,4.800000e-01,5.000000e-01,7.500000e-01,5.400000e-01,1.500000e-01,-1
2.400000e-01,4.300000e-01,4.800000e-01,5.000000e-01,3.700000e-01,2.800000e-01,3.800000e-01,-1
3.400000e-01,2.800000e-01,4.800000e-01,5.000000e-01,4.100000e-01,3.500000e-01,4.400000e-01,-1
3.300000e-01,3.700000e-01,4.800000e-01,5.000000e-01,4.600000e-01,6.500000e-01,6.900000e-01,-1
2.500000e-01,4.000000e-01,4.800000e-01,5.000000e-01,4.700000e-01,3.300000e-01,4.200000e-01,-1
3.800000e-01,3.000000e-01,4.800000e-01,5.000000e-01,4.300000e-01,2.900000e-01,3.900000e-01,-1
6.100000e-01,4.500000e-01,4.800000e-01,5.000000e-01,4.800000e-01,3.500000e-01,4.100000e-01,-1
6.800000e-01,6.700000e-01,4.800000e-01,5.000000e-01,4.900000e-01,4.000000e-01,3.400000e-01,-1
3.900000e-01,3.200000e-01,4.800000e-01,5.000000e-01,4.600000e-01,2.400000e-01,3.500000e-01,-1
6.900000e-01,6.700000e-01,4.800000e-01,5.000000e-01,3.000000e-01,3.900000e-01,2.400000e-01,-1
4.000000e-01,4.600000e-01,4.800000e-01,5.000000e-01,4.200000e-01,3.500000e-01,4.400000e-01,-1
4.400000e-01,5.200000e-01,4.800000e-01,5.000000e-01,4.300000e-01,4.700000e-01,5.400000e-01,-1
7.300000e-01,2.600000e-01,4.800000e-01,5.000000e-01,5.700000e-01,7.500000e-01,7.800000e-01,1
4.000000e-01,4.600000e-01,4.800000e-01,5.000000e-01,5.200000e-01,4.900000e-01,5.600000e-01,-1
2.800000e-01,3.300000e-01,4.800000e-01,5.000000e-01,4.500000e-01,2.200000e-01,3.300000e-01,-1
3.000000e-01,1.600000e-01,4.800000e-01,5.000000e-01,5.600000e-01,1.100000e-01,2.300000e-01,-1
6.100000e-01,5.200000e-01,4.800000e-01,5.000000e-01,5.400000e-01,6.700000e-01,5.200000e-01,-1
7.600000e-01,7.300000e-01,4.800000e-01,5.000000e-01,4.400000e-01,3.900000e-01,3.900000e-01,-1
6.900000e-01,8.000000e-01,4.800000e-01,5.000000e-01,4.600000e-01,5.700000e-01,2.600000e-01,-1
7.300000e-01,8.400000e-01,4.800000e-01,5.000000e-01,8.600000e-01,5.800000e-01,2.900000e-01,-1
1.000000e-01,4.900000e-01,4.800000e-01,5.000000e-01,4.100000e-01,6.700000e-01,2.100000e-01,-1
4.200000e-01,3.800000e-01,4.800000e-01,5.000000e-01,5.400000e-01,3.400000e-01,4.300000e-01,-1
6.400000e-01,8.400000e-01,4.800000e-01,5.000000e-01,3.700000e-01,4.500000e-01,4.000000e-01,-1
7.400000e-01,7.400000e-01,4.800000e-01,5.000000e-01,3.100000e-01,5.300000e-01,5.200000e-01,-1
3.500000e-01,4.800000e-01,4.800000e-01,5.000000e-01,5.600000e-01,4.000000e-01,4.800000e-01,-1
8.300000e-01,3.700000e-01,4.800000e-01,5.000000e-01,6.100000e-01,7.100000e-01,7.400000e-01,-1
2.400000e-01,5.700000e-01,4.800000e-01,5.000000e-01,6.300000e-01,3.400000e-01,4.300000e-01,-1
6.300000e-01,5.100000e-01,4.800000e-01,5.000000e-01,6.400000e-01,7.200000e-01,7.600000e-01,1
3.000000e-01,3.700000e-01,4.800000e-01,5.000000e-01,5.900000e-01,4.100000e-01,4.900000e-01,-1
0,3.800000e-01,4.800000e-01,5.000000e-01,4.200000e-01,4.800000e-01,5.500000e-01,-1
7.100000e-01,4.000000e-01,4.800000e-01,5.000000e-01,7.100000e-01,7.000000e-01,7.400000e-01,-1
8.900000e-01,5.500000e-01,4.800000e-01,5.000000e-01,5.100000e-01,7.200000e-01,7.600000e-01,-1
8.100000e-01,5.300000e-01,4.800000e-01,5.000000e-01,5.700000e-01,8.700000e-01,8.800000e-01,1
5.700000e-01,5.400000e-01,4.800000e-01,5.000000e-01,3.700000e-01,2.800000e-01,3.300000e-01,-1
4.200000e-01,4.000000e-01,4.800000e-01,5.000000e-01,5.600000e-01,1.800000e-01,3.000000e-01,-1
6.800000e-01,7.600000e-01,4.800000e-01,5.000000e-01,8.400000e-01,4.500000e-01,2.700000e-01,-1
6.600000e-01,7.400000e-01,4.800000e-01,5.000000e-01,3.100000e-01,3.800000e-01,4.300000e-01,-1
6.200000e-01,4.200000e-01,4.800000e-01,5.000000e-01,5.800000e-01,7.900000e-01,8.100000e-01,1
7.500000e-01,7.600000e-01,4.800000e-01,5.000000e-01,8.300000e-01,5.700000e-01,3.000000e-01,-1
8.800000e-01,4.200000e-01,4.800000e-01,5.000000e-01,5.200000e-01,7.300000e-01,7.500000e-01,1
2.900000e-01,3.900000e-01,4.800000e-01,5.000000e-01,5.200000e-01,4.000000e-01,4.800000e-01,-1
6.700000e-01,8.400000e-01,4.800000e-01,5.000000e-01,7.400000e-01,5.400000e-01,3.700000e-01,-1
4.900000e-01,4.200000e-01,4.800000e-01,5.000000e-01,5.300000e-01,7.900000e-01,8.100000e-01,-1
6.400000e-01,5.800000e-01,4.800000e-01,5.000000e-01,4.800000e-01,7.800000e-01,7.300000e-01,-1
3.800000e-01,4.000000e-01,4.800000e-01,5.000000e-01,6.300000e-01,2.500000e-01,3.500000e-01,-1
3.400000e-01,3.300000e-01,4.800000e-01,5.000000e-01,3.800000e-01,3.500000e-01,4.400000e-01,-1
3.600000e-01,3.900000e-01,4.800000e-01,5.000000e-01,4.800000e-01,2.200000e-01,2.300000e-01,-1
1.600000e-01,5.100000e-01,4.800000e-01,5.000000e-01,3.300000e-01,3.900000e-01,4.800000e-01,-1
4.000000e-01,2.900000e-01,4.800000e-01,5.000000e-01,4.200000e-01,3.500000e-01,4.400000e-01,-1
0,5.100000e-01,4.800000e-01,5.000000e-01,3.500000e-01,6.700000e-01,4.400000e-01,-1
8.600000e-01,5.500000e-01,4.800000e-01,5.000000e-01,6.300000e-01,8.100000e-01,8.300000e-01,1
6.800000e-01,6.300000e-01,4.800000e-01,5.000000e-01,7.300000e-01,4.000000e-01,3.000000e-01,-1
3.700000e-01,5.200000e-01,4.800000e-01,5.000000e-01,4.200000e-01,4.200000e-01,3.600000e-01,-1
6.900000e-01,4.300000e-01,4.800000e-01,5.000000e-01,5.900000e-01,7.400000e-01,7.700000e-01,1
4.000000e-01,5.000000e-01,4.800000e-01,5.000000e-01,4.500000e-01,3.900000e-01,4.700000e-01,-1
5.800000e-01,3.400000e-01,4.800000e-01,5.000000e-01,5.600000e-01,8.700000e-01,8.100000e-01,-1
3.500000e-01,5.100000e-01,4.800000e-01,5.000000e-01,6.100000e-01,7.100000e-01,7.400000e-01,-1
7.300000e-01,3.600000e-01,4.800000e-01,5.000000e-01,5.300000e-01,9.100000e-01,9.200000e-01,-1
6.800000e-01,7.800000e-01,4.800000e-01,5.000000e-01,4.300000e-01,4.400000e-01,4.200000e-01,-1
6.300000e-01,8.600000e-01,4.800000e-01,5.000000e-01,3.900000e-01,4.700000e-01,3.400000e-01,-1
5.800000e-01,5.500000e-01,4.800000e-01,5.000000e-01,5.700000e-01,7.000000e-01,7.400000e-01,-1
3.200000e-01,4.200000e-01,4.800000e-01,5.000000e-01,3.500000e-01,2.800000e-01,3.800000e-01,-1
7.300000e-01,7.800000e-01,4.800000e-01,5.000000e-01,5.800000e-01,5.100000e-01,3.100000e-01,-1
3.400000e-01,4.500000e-01,4.800000e-01,5.000000e-01,3.800000e-01,2.400000e-01,3.500000e-01,-1
6.400000e-01,7.600000e-01,4.800000e-01,5.000000e-01,4.500000e-01,3.500000e-01,3.800000e-01,-1
3.400000e-01,5.100000e-01,4.800000e-01,5.000000e-01,6.700000e-01,9.000000e-01,9.000000e-01,-1
3.300000e-01,4.500000e-01,4.800000e-01,5.000000e-01,5.200000e-01,3.200000e-01,4.100000e-01,-1
2.900000e-01,2.800000e-01,4.800000e-01,5.000000e-01,5.000000e-01,4.200000e-01,5.000000e-01,-1
3.800000e-01,2.600000e-01,4.800000e-01,5.000000e-01,5.400000e-01,1.600000e-01,2.800000e-01,-1
4.400000e-01,4.200000e-01,4.800000e-01,5.000000e-01,4.200000e-01,2.500000e-01,2.000000e-01,-1
3.200000e-01,3.900000e-01,4.800000e-01,5.000000e-01,5.300000e-01,2.800000e-01,3.800000e-01,-1
7.700000e-01,5.700000e-01,1,5.000000e-01,3.700000e-01,5.400000e-01,1.000000e-02,-1
6.300000e-01,6.500000e-01,4.800000e-01,5.000000e-01,3.900000e-01,4.400000e-01,3.500000e-01,-1
6.300000e-01,8.300000e-01,4.800000e-01,5.000000e-01,4.000000e-01,3.900000e-01,1.900000e-01,-1
6.100000e-01,6.000000e-01,4.800000e-01,5.000000e-01,4.400000e-01,3.900000e-01,3.800000e-01,-1
7.200000e-01,4.200000e-01,4.800000e-01,5.000000e-01,6.500000e-01,7.700000e-01,7.900000e-01,1
5.700000e-01,3.800000e-01,4.800000e-01,5.000000e-01,6.000000e-02,4.900000e-01,3.300000e-01,1
4.300000e-01,4.000000e-01,4.800000e-01,5.000000e-01,3.900000e-01,2.800000e-01,3.900000e-01,-1
4.300000e-01,4.000000e-01,4.800000e-01,5.000000e-01,5.800000e-01,7.500000e-01,7.800000e-01,-1
6.700000e-01,8.100000e-01,4.800000e-01,5.000000e-01,2.500000e-01,4.200000e-01,2.500000e-01,-1
2.200000e-01,3.600000e-01,4.800000e-01,5.000000e-01,3.500000e-01,3.900000e-01,4.700000e-01,-1
7.000000e-01,3.900000e-01,1,5.000000e-01,5.100000e-01,8.200000e-01,8.400000e-01,-1
6.800000e-01,5.100000e-01,4.800000e-01,5.000000e-01,7.100000e-01,7.500000e-01,7.800000e-01,-1
4.800000e-01,4.500000e-01,4.800000e-01,5.000000e-01,6.000000e-01,7.800000e-01,8.000000e-01,-1
2.500000e-01,3.700000e-01,4.800000e-01,5.000000e-01,4.100000e-01,3.300000e-01,4.200000e-01,-1
4.400000e-01,2.700000e-01,4.800000e-01,5.000000e-01,5.500000e-01,5.200000e-01,5.800000e-01,-1
3.300000e-01,4.500000e-01,4.800000e-01,5.000000e-01,4.500000e-01,8.800000e-01,8.900000e-01,-1
1.100000e-01,5.000000e-01,4.800000e-01,5.000000e-01,5.800000e-01,7.200000e-01,6.800000e-01,-1
4.000000e-01,4.100000e-01,4.800000e-01,5.000000e-01,5.500000e-01,2.200000e-01,3.300000e-01,-1
6.300000e-01,5.700000e-01,4.800000e-01,5.000000e-01,4.900000e-01,7.000000e-01,2.000000e-01,-1
7.000000e-01,6.400000e-01,4.800000e-01,5.000000e-01,4.700000e-01,5.100000e-01,4.700000e-01,-1
4.000000e-01,3.500000e-01,4.800000e-01,5.000000e-01,4.500000e-01,3.300000e-01,4.200000e-01,-1
2.900000e-01,3.700000e-01,4.800000e-01,5.000000e-01,4.800000e-01,4.400000e-01,5.200000e-01,-1
2.900000e-01,5.200000e-01,4.800000e-01,5.000000e-01,4.200000e-01,2.900000e-01,3.900000e-01,-1
3.200000e-01,3.300000e-01,4.800000e-01,5.000000e-01,6.000000e-01,6.000000e-02,2.000000e-01,-1
6.700000e-01,7.000000e-01,4.800000e-01,5.000000e-01,4.600000e-01,4.500000e-01,3.300000e-01,-1
6.000000e-01,4.600000e-01,4.800000e-01,5.000000e-01,4.500000e-01,8.100000e-01,8.300000e-01,-1
2.200000e-01,4.300000e-01,4.800000e-01,5.000000e-01,4.800000e-01,1.600000e-01,2.800000e-01,-1
6.700000e-01,3.900000e-01,4.800000e-01,5.000000e-01,3.600000e-01,3.800000e-01,4.600000e-01,-1
6.400000e-01,7.200000e-01,4.800000e-01,5.000000e-01,4.900000e-01,4.200000e-01,1.900000e-01,-1
6.700000e-01,8.800000e-01,4.800000e-01,5.000000e-01,7.300000e-01,5.000000e-01,2.500000e-01,-1
2.500000e-01,3.700000e-01,4.800000e-01,5.000000e-01,4.300000e-01,2.600000e-01,3.600000e-01,-1
2.900000e-01,4.700000e-01,4.800000e-01,5.000000e-01,7.100000e-01,6.500000e-01,6.900000e-01,-1
2.300000e-01,3.200000e-01,4.800000e-01,5.000000e-01,5.500000e-01,2.500000e-01,3.500000e-01,-1
6.300000e-01,5.000000e-01,4.800000e-01,5.000000e-01,5.900000e-01,8.500000e-01,8.600000e-01,-1
1.700000e-01,3.800000e-01,4.800000e-01,5.000000e-01,4.500000e-01,4.200000e-01,5.000000e-01,-1
6.100000e-01,7.500000e-01,4.800000e-01,5.000000e-01,5.100000e-01,3.300000e-01,3.300000e-01,-1
7.700000e-01,5.500000e-01,4.800000e-01,5.000000e-01,5.100000e-01,7.800000e-01,7.400000e-01,1
6.200000e-01,7.800000e-01,4.800000e-01,5.000000e-01,4.700000e-01,4.900000e-01,5.400000e-01,-1
7.900000e-01,4.100000e-01,4.800000e-01,5.000000e-01,6.600000e-01,8.100000e-01,8.300000e-01,1
3.100000e-01,3.600000e-01,4.800000e-01,5.000000e-01,5.800000e-01,9.400000e-01,9.400000e-01,-1
4.600000e-01,5.900000e-01,4.800000e-01,5.000000e-01,3.600000e-01,7.600000e-01,2.300000e-01,-1
6.300000e-01,4.700000e-01,4.800000e-01,5.000000e-01,5.100000e-01,8.200000e-01,8.400000e-01,-1
6.000000e-01,6.100000e-01,4.800000e-01,5.000000e-01,5.400000e-01,6.700000e-01,7.100000e-01,-1
7.100000e-01,8.600000e-01,4.800000e-01,5.000000e-01,4.000000e-01,5.400000e-01,3.200000e-01,-1
3.400000e-01,4.200000e-01,4.800000e-01,5.000000e-01,4.100000e-01,3.400000e-01,4.300000e-01,-1
7.000000e-02,4.000000e-01,4.800000e-01,5.000000e-01,5.400000e-01,3.500000e-01,4.400000e-01,-1
3.400000e-01,3.500000e-01,4.800000e-01,5.000000e-01,5.100000e-01,4.900000e-01,5.600000e-01,-1
8.400000e-01,4.400000e-01,4.800000e-01,5.000000e-01,4.800000e-01,7.100000e-01,7.400000e-01,-1
5.400000e-01,5.700000e-01,4.800000e-01,5.000000e-01,5.600000e-01,8.100000e-01,8.300000e-01,-1
5.400000e-01,4.700000e-01,4.800000e-01,5.000000e-01,2.800000e-01,3.300000e-01,4.200000e-01,-1
3.000000e-01,4.400000e-01,4.800000e-01,5.000000e-01,4.900000e-01,2.200000e-01,3.300000e-01,-1
5.600000e-01,6.800000e-01,4.800000e-01,5.000000e-01,7.700000e-01,3.600000e-01,4.500000e-01,-1
5.600000e-01,5.400000e-01,4.800000e-01,5.000000e-01,4.300000e-01,3.700000e-01,3.000000e-01,-1
5.600000e-01,5.100000e-01,4.800000e-01,5.000000e-01,3.400000e-01,3.700000e-01,4.600000e-01,-1
4.300000e-01,3.200000e-01,4.800000e-01,5.000000e-01,3.300000e-01,4.500000e-01,5.200000e-01,-1
3.700000e-01,4.400000e-01,4.800000e-01,5.000000e-01,4.200000e-01,3.900000e-01,4.700000e-01,-1
2.500000e-01,2.600000e-01,4.800000e-01,5.000000e-01,3.900000e-01,3.200000e-01,4.200000e-01,-1
5.900000e-01,5.600000e-01,4.800000e-01,5.000000e-01,5.500000e-01,8.000000e-01,8.200000e-01,-1
6.600000e-01,5.300000e-01,4.800000e-01,5.000000e-01,5.900000e-01,6.600000e-01,6.600000e-01,-1
7.200000e-01,4.600000e-01,4.800000e-01,5.000000e-01,5.100000e-01,6.600000e-01,7.000000e-01,-1
5.200000e-01,8.100000e-01,4.800000e-01,5.000000e-01,7.200000e-01,3.800000e-01,3.800000e-01,-1
3.600000e-01,4.500000e-01,4.800000e-01,5.000000e-01,3.800000e-01,7.900000e-01,1.700000e-01,-1
2.600000e-01,4.000000e-01,4.800000e-01,5.000000e-01,3.600000e-01,2.600000e-01,3.700000e-01,-1
7.000000e-01,6.100000e-01,4.800000e-01,5.000000e-01,5.600000e-01,5.200000e-01,4.300000e-01,-1
4.200000e-01,3.000000e-01,4.800000e-01,5.000000e-01,4.800000e-01,2.600000e-01,3.600000e-01,-1
6.700000e-01,8.100000e-01,4.800000e-01,5.000000e-01,5.400000e-01,4.900000e-01,2.300000e-01,-1
6.400000e-01,4.600000e-01,4.800000e-01,5.000000e-01,4.800000e-01,7.300000e-01,7.600000e-01,1
6.600000e-01,8.600000e-01,4.800000e-01,5.000000e-01,3.400000e-01,4.100000e-01,3.600000e-01,-1
4.000000e-02,3.100000e-01,4.800000e-01,5.000000e-01,4.100000e-01,2.900000e-01,3.900000e-01,-1
7.400000e-01,8.200000e-01,4.800000e-01,5.000000e-01,4.900000e-01,4.900000e-01,4.100000e-01,-1
2.400000e-01,4.300000e-01,4.800000e-01,5.000000e-01,5.400000e-01,5.200000e-01,5.900000e-01,-1
2.300000e-01,3.300000e-01,4.800000e-01,5.000000e-01,4.300000e-01,3.300000e-01,4.300000e-01,-1
6.600000e-01,4.900000e-01,1,5.000000e-01,5.400000e-01,5.600000e-01,3.600000e-01,-1
5.000000e-01,5.700000e-01,4.800000e-01,5.000000e-01,7.100000e-01,6.100000e-01,6.600000e-01,-1
4.100000e-01,4.300000e-01,4.800000e-01,5.000000e-01,5.000000e-01,2.400000e-01,2.500000e-01,-1
6.300000e-01,4.200000e-01,4.800000e-01,5.000000e-01,4.800000e-01,7.700000e-01,8.000000e-01,1
3.800000e-01,4.600000e-01,4.800000e-01,5.000000e-01,4.800000e-01,2.200000e-01,2.900000e-01,-1
5.800000e-01,6.000000e-01,4.800000e-01,5.000000e-01,5.900000e-01,7.300000e-01,7.600000e-01,1
3.100000e-01,5.000000e-01,4.800000e-01,5.000000e-01,5.700000e-01,8.400000e-01,8.500000e-01,-1
5.000000e-01,3.700000e-01,4.800000e-01,5.000000e-01,6.600000e-01,6.400000e-01,6.900000e-01,-1
3.400000e-01,5.100000e-01,4.800000e-01,5.000000e-01,4.400000e-01,3.700000e-01,4.600000e-01,-1
7.400000e-01,5.600000e-01,4.800000e-01,5.000000e-01,4.700000e-01,6.800000e-01,3.000000e-01,-1
2.900000e-01,3.000000e-01,4.800000e-01,5.000000e-01,4.500000e-01,3.000000e-02,1.700000e-01,-1
1.700000e-01,5.200000e-01,4.800000e-01,5.000000e-01,4.900000e-01,3.700000e-01,4.600000e-01,-1
6.500000e-01,5.100000e-01,4.800000e-01,5.000000e-01,6.600000e-01,5.400000e-01,3.300000e-01,-1
4.700000e-01,5.500000e-01,4.800000e-01,5.000000e-01,5.800000e-01,7.100000e-01,7.500000e-01,-1
6.700000e-01,5.500000e-01,1,5.000000e-01,6.600000e-01,5.800000e-01,1.600000e-01,-1
5.100000e-01,5.400000e-01,4.800000e-01,5.000000e-01,4.100000e-01,3.400000e-01,4.300000e-01,-1
7.000000e-01,4.600000e-01,4.800000e-01,5.000000e-01,5.600000e-01,7.800000e-01,7.300000e-01,-1
6.900000e-01,6.500000e-01,4.800000e-01,5.000000e-01,6.300000e-01,4.800000e-01,4.100000e-01,-1
4.300000e-01,5.900000e-01,4.800000e-01,5.000000e-01,5.200000e-01,4.900000e-01,5.600000e-01,-1
4.700000e-01,2.800000e-01,4.800000e-01,5.000000e-01,5.600000e-01,2.000000e-01,2.500000e-01,-1
7.100000e-01,5.700000e-01,4.800000e-01,5.000000e-01,4.800000e-01,3.500000e-01,3.200000e-01,-1
4.400000e-01,2.800000e-01,4.800000e-01,5.000000e-01,4.300000e-01,2.700000e-01,3.700000e-01,-1
7.000000e-01,4.000000e-01,4.800000e-01,5.000000e-01,5.600000e-01,8.600000e-01,8.300000e-01,-1
5.100000e-01,4.900000e-01,4.800000e-01,5.000000e-01,5.300000e-01,1.400000e-01,2.600000e-01,-1
4.800000e-01,4.100000e-01,4.800000e-01,5.000000e-01,5.100000e-01,9.000000e-01,8.800000e-01,-1
3.400000e-01,4.600000e-01,4.800000e-01,5.000000e-01,5.200000e-01,3.500000e-01,4.400000e-01,-1
7.900000e-01,3.600000e-01,4.800000e-01,5.000000e-01,4.600000e-01,8.200000e-01,7.000000e-01,1
7.400000e-01,4.900000e-01,4.800000e-01,5.000000e-01,4.200000e-01,5.400000e-01,3.600000e-01,-1
1.200000e-01,6.700000e-01,4.800000e-01,5.000000e-01,7.400000e-01,5.800000e-01,6.300000e-01,-1
4.700000e-01,2.900000e-01,4.800000e-01,5.000000e-01,5.100000e-01,3.300000e-01,4.300000e-01,-1
3.900000e-01,4.100000e-01,4.800000e-01,5.000000e-01,5.200000e-01,7.200000e-01,7.500000e-01,-1
5.500000e-01,4.700000e-01,4.800000e-01,5.000000e-01,5.700000e-01,7.800000e-01,8.000000e-01,-1
4.300000e-01,3.900000e-01,4.800000e-01,5.000000e-01,4.700000e-01,3.100000e-01,4.100000e-01,-1
4.100000e-01,4.800000e-01,4.800000e-01,5.000000e-01,5.100000e-01,4.400000e-01,5.100000e-01,-1
8.400000e-01,4.900000e-01,4.800000e-01,5.000000e-01,5.500000e-01,7.800000e-01,7.400000e-01,1
8.500000e-01,5.300000e-01,4.800000e-01,5.000000e-01,5.300000e-01,5.200000e-01,3.500000e-01,-1
8.100000e-01,4.400000e-01,4.800000e-01,5.000000e-01,4.200000e-01,6.700000e-01,6.800000e-01,1
4.100000e-01,5.700000e-01,4.800000e-01,5.000000e-01,3.900000e-01,2.100000e-01,3.200000e-01,-1
5.900000e-01,6.100000e-01,4.800000e-01,5.000000e-01,4.200000e-01,4.200000e-01,3.700000e-01,-1
1.600000e-01,4.300000e-01,4.800000e-01,5.000000e-01,5.400000e-01,2.700000e-01,3.700000e-01,-1
6.700000e-01,6.100000e-01,4.800000e-01,5.000000e-01,5.100000e-01,3.700000e-01,3.800000e-01,-1
5.100000e-01,5.000000e-01,4.800000e-01,5.000000e-01,4.600000e-01,3.200000e-01,3.500000e-01,-1
6.400000e-01,7.800000e-01,4.800000e-01,5.000000e-01,5.000000e-01,3.600000e-01,3.800000e-01,-1
5.900000e-01,4.900000e-01,4.800000e-01,5.000000e-01,5.200000e-01,4.500000e-01,3.600000e-01,-1
7.800000e-01,3.300000e-01,4.800000e-01,5.000000e-01,5.700000e-01,7.700000e-01,7.900000e-01,1
3.500000e-01,3.700000e-01,4.800000e-01,5.000000e-01,3.000000e-01,3.400000e-01,4.300000e-01,-1
6.200000e-01,8.300000e-01,4.800000e-01,5.000000e-01,4.600000e-01,3.600000e-01,4.000000e-01,-1
4.400000e-01,5.100000e-01,4.800000e-01,5.000000e-01,4.700000e-01,2.600000e-01,3.600000e-01,-1
5.200000e-01,3.600000e-01,4.800000e-01,5.000000e-01,4.100000e-01,2.800000e-01,3.800000e-01,-1
2.100000e-01,3.400000e-01,4.800000e-01,5.000000e-01,5.100000e-01,2.800000e-01,3.900000e-01,-1
3.100000e-01,2.300000e-01,4.800000e-01,5.000000e-01,7.300000e-01,5.000000e-02,1.400000e-01,-1
4.700000e-01,4.700000e-01,4.800000e-01,5.000000e-01,2.200000e-01,1.600000e-01,2.600000e-01,-1
6.000000e-01,5.000000e-01,1,5.000000e-01,5.400000e-01,7.700000e-01,8.000000e-01,-1
6.100000e-01,6.600000e-01,4.800000e-01,5.000000e-01,4.600000e-01,8.700000e-01,8.800000e-01,-1
8.400000e-01,5.400000e-01,4.800000e-01,5.000000e-01,7.500000e-01,9.200000e-01,7.000000e-01,1
2.900000e-01,4.100000e-01,4.800000e-01,5.000000e-01,4.800000e-01,3.800000e-01,4.600000e-01,-1
5.100000e-01,4.600000e-01,4.800000e-01,5.000000e-01,5.800000e-01,3.100000e-01,4.100000e-01,-1
2.300000e-01,5.800000e-01,4.800000e-01,5.000000e-01,3.700000e-01,5.300000e-01,5.900000e-01,-1
6.500000e-01,5.500000e-01,4.800000e-01,5.000000e-01,3.400000e-01,3.700000e-01,2.800000e-01,-1
3.100000e-01,4.700000e-01,4.800000e-01,5.000000e-01,2.900000e-01,2.800000e-01,3.900000e-01,-1
4.700000e-01,5.900000e-01,4.800000e-01,5.000000e-01,5.200000e-01,7.600000e-01,7.900000e-01,-1
2.400000e-01,3.400000e-01,4.800000e-01,5.000000e-01,3.800000e-01,3.000000e-01,4.000000e-01,-1
7.800000e-01,6.800000e-01,4.800000e-01,5.000000e-01,8.300000e-01,4.000000e-01,2.900000e-01,-1
7.100000e-01,4.600000e-01,1,5.000000e-01,5.200000e-01,5.900000e-01,3.000000e-01,-1
2.600000e-01,5.000000e-01,4.800000e-01,5.000000e-01,4.400000e-01,3.200000e-01,4.100000e-01,-1
6.300000e-01,4.900000e-01,4.800000e-01,5.000000e-01,5.400000e-01,7.600000e-01,7.900000e-01,-1
4.000000e-01,4.500000e-01,4.800000e-01,5.000000e-01,3.800000e-01,2.200000e-01,0,-1
3.400000e-01,5.500000e-01,4.800000e-01,5.000000e-01,5.800000e-01,3.100000e-01,4.100000e-01,-1
3.600000e-01,4.700000e-01,4.800000e-01,5.000000e-01,5.100000e-01,6.900000e-01,7.200000e-01,-1
2.500000e-01,5.100000e-01,4.800000e-01,5.000000e-01,3.700000e-01,4.200000e-01,5.000000e-01,-1
7.000000e-01,5.300000e-01,4.800000e-01,5.000000e-01,7.000000e-01,8.600000e-01,8.700000e-01,1
2.300000e-01,4.800000e-01,4.800000e-01,5.000000e-01,5.900000e-01,8.800000e-01,8.900000e-01,-1
5.200000e-01,3.900000e-01,4.800000e-01,5.000000e-01,6.500000e-01,7.100000e-01,7.300000e-01,-1
3.600000e-01,5.600000e-01,4.800000e-01,5.000000e-01,4.300000e-01,4.500000e-01,5.300000e-01,-1
4.000000e-01,4.200000e-01,4.800000e-01,5.000000e-01,3.700000e-01,2.700000e-01,2.700000e-01,-1
6.100000e-01,4.700000e-01,4.800000e-01,5.000000e-01,0,8.000000e-01,3.200000e-01,-1
4.800000e-01,4.900000e-01,4.800000e-01,5.000000e-01,5.200000e-01,7.700000e-01,7.100000e-01,-1
2.800000e-01,3.800000e-01,4.800000e-01,5.000000e-01,5.000000e-01,3.300000e-01,4.200000e-01,-1
3.400000e-01,6.700000e-01,4.800000e-01,5.000000e-01,5.200000e-01,7.600000e-01,7.900000e-01,-1
1.700000e-01,3.900000e-01,4.800000e-01,5.000000e-01,5.300000e-01,3.000000e-01,3.900000e-01,-1
6.900000e-01,5.900000e-01,4.800000e-01,5.000000e-01,7.700000e-01,3.900000e-01,2.100000e-01,-1
6.700000e-01,3.700000e-01,4.800000e-01,5.000000e-01,5.400000e-01,6.400000e-01,6.800000e-01,1
1.200000e-01,4.300000e-01,4.800000e-01,5.000000e-01,6.300000e-01,7.000000e-01,7.400000e-01,-1
7.400000e-01,9.000000e-01,4.800000e-01,5.000000e-01,5.700000e-01,5.300000e-01,2.900000e-01,-1
7.100000e-01,5.200000e-01,4.800000e-01,5.000000e-01,6.400000e-01,1,9.900000e-01,-1
7.000000e-01,7.100000e-01,4.800000e-01,5.000000e-01,4.200000e-01,8.400000e-01,8.500000e-01,-1
3.300000e-01,5.600000e-01,4.800000e-01,5.000000e-01,3.300000e-01,7.800000e-01,8.000000e-01,-1
4.900000e-01,4.300000e-01,4.800000e-01,5.000000e-01,4.900000e-01,3.000000e-01,4.000000e-01,-1
5.200000e-01,5.400000e-01,4.800000e-01,5.000000e-01,6.200000e-01,7.600000e-01,7.900000e-01,-1
2.700000e-01,3.000000e-01,4.800000e-01,5.000000e-01,7.100000e-01,2.800000e-01,3.900000e-01,-1
4.600000e-01,6.100000e-01,4.800000e-01,5.000000e-01,4.800000e-01,8.600000e-01,8.700000e-01,-1
6.400000e-01,8.100000e-01,4.800000e-01,5.000000e-01,3.700000e-01,3.900000e-01,4.400000e-01,-1
7.100000e-01,7.100000e-01,4.800000e-01,5.000000e-01,6.800000e-01,4.300000e-01,3.600000e-01,-1
5.300000e-01,3.800000e-01,4.800000e-01,5.000000e-01,4.400000e-01,2.600000e-01,3.600000e-01,-1
8.600000e-01,3.900000e-01,4.800000e-01,5.000000e-01,5.900000e-01,8.900000e-01,9.000000e-01,1
5.700000e-01,5.900000e-01,4.800000e-01,5.000000e-01,3.900000e-01,4.700000e-01,3.300000e-01,-1